version https://git-lfs.github.com/spec/v1
oid sha256:eba6417639f41031055507bc61f0bd1d7a60c27e64ee373d70bafeeb8f453594
size 1517
