version https://git-lfs.github.com/spec/v1
oid sha256:7b6a9288d09ae46b5cfaffbb9c4fe357fedeb9088e13c5f58a011b281759cfd8
size 605
